
Clip_size = 5
Distribution for train set:
Appropriate weighting: tensor([2.2175e+02, 1.9626e+01, 3.2439e+01, 1.5316e+02, 1.7077e+02, 2.9714e+02,
        7.7785e+01, 3.3766e+02, 5.4025e+01, 7.5416e+01, 3.3016e+02, 1.8571e+03,
        4.1269e+02, 4.1269e+02, 7.4285e+03, 7.4285e+03, 1.4857e+04, 1.0000e+00])
tensor([3.8390e-03, 4.3974e-02, 2.6582e-02, 5.5840e-03, 5.0023e-03, 2.8502e-03,
        1.1052e-02, 2.5012e-03, 1.5938e-02, 1.1401e-02, 2.5593e-03, 4.0717e-04,
        2.0358e-03, 2.0358e-03, 5.8167e-05, 5.8167e-05, 0.0000e+00, 8.6412e-01])
Distribution for val set:
tensor([3.6075e-03, 5.4834e-02, 3.8240e-02, 5.7720e-03, 5.7720e-03, 2.1645e-03,
        7.9365e-03, 2.8860e-03, 2.0924e-02, 1.7316e-02, 1.4430e-03, 7.2150e-04,
        1.4430e-03, 1.4430e-03, 0.0000e+00, 0.0000e+00, 0.0000e+00, 8.3550e-01])
Distribution for test set:
tensor([5.1852e-03, 5.7037e-02, 3.7037e-02, 8.1481e-03, 9.6296e-03, 4.4444e-03,
        1.1852e-02, 3.7037e-03, 1.0370e-02, 1.2593e-02, 2.2222e-03, 0.0000e+00,
        7.4074e-04, 0.0000e+00, 0.0000e+00, 0.0000e+00, 0.0000e+00, 8.3704e-01])

Clip_size = 20
Distribution for train set:
Appropriate weighting: tensor([2.9966e+01, 3.1127e+00, 4.8306e+00, 2.7625e+01, 2.5257e+01, 3.7617e+01,
        1.1787e+01, 4.0182e+01, 7.6537e+00, 1.0780e+01, 5.8933e+01, 2.5257e+02,
        5.0514e+01, 6.8000e+01, 1.7680e+03, 8.8400e+02, 1.7680e+03, 1.0000e+00])
tensor([1.6044e-02, 1.5685e-01, 1.0097e-01, 1.7427e-02, 1.9087e-02, 1.2725e-02,
        4.1217e-02, 1.1895e-02, 6.3624e-02, 4.5090e-02, 8.0221e-03, 1.6598e-03,
        9.4053e-03, 6.9156e-03, 0.0000e+00, 2.7663e-04, 0.0000e+00, 4.8880e-01])
Distribution for val set:
tensor([0.0172, 0.2096, 0.1100, 0.0241, 0.0206, 0.0103, 0.0172, 0.0137, 0.0790,
        0.0756, 0.0034, 0.0000, 0.0034, 0.0034, 0.0000, 0.0000, 0.0000, 0.4124])
Distribution for test set:
tensor([0.0211, 0.1972, 0.1373, 0.0211, 0.0352, 0.0141, 0.0458, 0.0176, 0.0458,
        0.0352, 0.0070, 0.0000, 0.0000, 0.0000, 0.0000, 0.0000, 0.0000, 0.4225])

Clip_size = 60
Distribution for train set:
Appropriate weighting: tensor([  6.6286,   1.0357,   1.0000,   5.6585,   5.3953,   7.0303,   2.4681,
          7.0303,   1.8125,   2.2308,  15.4667,  77.3333,  10.0870,  25.7778,
        232.0000, 116.0000, 232.0000,   1.5890])
tensor([0.0296, 0.1941, 0.2010, 0.0348, 0.0366, 0.0279, 0.0809, 0.0279, 0.1105,
        0.0896, 0.0122, 0.0017, 0.0191, 0.0070, 0.0000, 0.0009, 0.0000, 0.1262])
Distribution for val set:
tensor([0.0215, 0.3118, 0.1828, 0.0323, 0.0108, 0.0323, 0.0215, 0.0323, 0.0968,
        0.1613, 0.0108, 0.0000, 0.0000, 0.0000, 0.0000, 0.0000, 0.0000, 0.0860])
Distribution for test set:
tensor([0.0222, 0.2778, 0.2444, 0.0222, 0.0889, 0.0111, 0.0667, 0.0444, 0.0556,
        0.0667, 0.0222, 0.0000, 0.0000, 0.0000, 0.0000, 0.0000, 0.0000, 0.0778])
